tree
version=v4
num_class=1
num_tree_per_iteration=1
label_index=0
max_feature_idx=26
objective=binary sigmoid:1
feature_names=score fresh session zone_type atr_ratio is_accuracy trend rsi htf_trend rvol adx touch_count base_quality departure_strength liquidity_distance liquidity_spread liquidity_distance_score liquidity_spread_score return_strength score_x_fresh trend_alignment liquidity_quality strength_composite rsi_neutral strong_adx zone_quality high_risk
feature_infos=[65:100] [4:288] [0:2] [0:1] [0.080000000000000002:2.6800000000000002] [0:1] [0:1] [13.57:84.510000000000005] [0:1] [0:8.3100000000000005] [7.9400000000000004:69.430000000000007] none [0:100] [13.84:83.849999999999994] [0.10000000000000001:300] [0:2487] [0:99.799999999999997] [0:100] [16.670000000000002:100] [260:27360] [0:1] [0.001303779264955326:2000] [16.226666666666667:93.766666666666666] [0:1] [0:1] [0:100] [0:1]
tree_sizes=3327 3232

Tree=0
num_leaves=31
num_cat=0
split_feature=16 19 13 13 18 15 13 7 18 13 2 4 16 18 4 21 22 19 22 19 15 1 4 15 4 21 7 21 7 1
split_gain=27.3955 11.614 11.7019 15.5999 11.5184 21.5907 16.8671 16.8156 14.8872 12.6841 22.3342 15.8259 12.5207 12.444 14.0154 10.7191 11.1876 10.4454 10.1492 9.98006 9.8212 8.62918 8.50109 8.34308 7.99091 20.9503 6.90134 5.13465 4.49674 4.02967
threshold=51.000000000000007 645.00000000000011 33.115000000000009 27.540000000000003 57.175000000000004 13.750000000000002 43.115000000000002 46.925000000000004 27.035000000000004 45.910000000000004 1.5000000000000002 0.57500000000000007 93.100000000000009 44.090000000000011 1.1150000000000004 0.82286763035488442 63.516666666666673 1780.0000000000002 83.316666666666677 1780.0000000000002 3.4500000000000006 41.500000000000007 1.0050000000000001 4.6500000000000012 0.66500000000000015 0.53841667308226415 59.720000000000006 0.39991335754795071 54.685000000000009 30.500000000000004
decision_type=2 2 2 2 2 2 2 2 2 2 2 2 2 2 2 2 2 2 2 2 2 2 2 2 2 2 2 2 2 2
left_child=1 -1 3 -3 8 9 17 -8 29 20 21 -12 15 23 -15 16 -10 -7 24 -17 -6 -11 -22 -14 27 -26 -9 -4 -20 -2
right_child=4 2 18 -5 5 6 7 26 12 10 11 -13 13 14 -16 19 -18 -19 28 -21 22 -23 -24 -25 25 -27 -28 -29 -30 -31
leaf_value=-0.7989767273634093 -0.83601414540687835 -0.72256679483146324 -0.71265443538980999 -0.83192430653952654 -0.79506841625357838 -0.78444947088848038 -0.72571584903433661 -0.83025308388849217 -0.70480727396414566 -0.79833507993087416 -0.71944621734077985 -0.77988397658484343 -0.82015809656258198 -0.744290452743954 -0.81390964385747211 -0.74388515790984289 -0.75265041174917391 -0.86287164036955455 -0.78149761510256244 -0.82680857711139188 -0.74974042021944698 -0.87027355072567236 -0.70464890767288502 -0.76915147341374857 -0.70428383588996724 -0.79932620926515441 -0.76402582892285076 -0.66131665607163836 -0.72081423726633342 -0.77482563267188964
leaf_weight=5.9684513956308356 6.2995077818632108 7.3280630707740766 11.040455579757692 5.6578402817249298 9.96353931725025 6.230701535940173 10.515955299139025 10.674013063311579 34.384256467223167 23.873805582523349 18.796296983957291 26.302863091230392 10.722374036908148 92.655293360352516 7.679564729332923 12.013179466128351 20.313966423273087 12.453932642936705 8.4663151502609235 5.0161727815866461 61.466399550437927 4.9194508343935004 13.158901974558828 30.015255600214005 27.007832422852516 7.514036536216735 6.0651733428239814 12.020649895071982 5.0440884828567496 4.47122722864151
leaf_count=23 27 22 32 24 38 23 32 45 97 92 56 96 44 302 31 39 68 57 31 21 204 23 37 106 76 29 21 28 15 16
internal_value=-0.755849 -0.730698 -0.725918 -0.770473 -0.761167 -0.769844 -0.800137 -0.774978 -0.753272 -0.7611 -0.776409 -0.754461 -0.750366 -0.759163 -0.749677 -0.733217 -0.722365 -0.836509 -0.717903 -0.768615 -0.74783 -0.810653 -0.741605 -0.782715 -0.708658 -0.724764 -0.805887 -0.685194 -0.758057 -0.810153
internal_weight=518.04 90.0477 84.0793 12.9859 427.992 204.421 45.9398 27.2551 223.571 158.481 73.8924 45.0992 212.8 141.072 100.335 71.7276 54.6982 18.6846 71.0934 17.0294 84.5888 28.7933 74.6253 40.7376 57.583 34.5219 16.7392 23.0611 13.5104 10.7707
internal_count=1755 280 257 46 1475 724 178 98 751 546 267 152 708 483 333 225 165 80 211 60 279 115 241 150 165 105 66 60 46 43
is_linear=0
shrinkage=1


Tree=1
num_leaves=30
num_cat=0
split_feature=14 21 14 21 7 17 18 17 18 17 4 17 4 0 1 17 21 4 0 22 22 7 14 16 22 14 7 7 7
split_gain=23.4082 10.0378 16.8488 12.7082 13.0542 14.5837 9.29231 17.5635 15.6811 13.824 11.3418 9.87557 9.85861 15.3458 8.98226 8.71686 11.5457 14.6085 8.26221 8.06249 8.05241 7.90933 6.77995 10.2926 11.4147 8.38298 4.90629 4.06082 2.8791
threshold=24.500000000000004 0.033161269073890158 1.3500000000000003 0.02660550051395565 47.405000000000008 14.65 57.175000000000004 17.250000000000004 44.090000000000011 5.6500000000000012 1.0050000000000001 8.5500000000000025 0.54500000000000015 92.500000000000014 19.500000000000004 76.500000000000014 0.44056596096980505 0.94500000000000006 92.500000000000014 56.898333333333333 81.050000000000026 59.165000000000006 70.500000000000014 33.000000000000007 77.833333333333357 109.50000000000001 48.375000000000007 45.570000000000007 54.580000000000005
decision_type=2 2 2 2 2 2 2 2 2 2 2 2 2 2 2 2 2 2 2 2 2 2 2 2 2 2 2 2 2
left_child=1 2 3 4 -1 -6 8 12 9 21 18 -12 14 -14 -8 -2 22 26 -10 -11 27 -3 23 24 -17 -24 -18 -9 -22
right_child=15 6 -4 -5 5 -7 7 20 10 19 11 -13 13 -15 -16 16 17 -19 -20 -21 28 -23 25 -25 -26 -27 -28 -29 -30
leaf_value=-0.036347868797965949 0.11229544947171786 -0.014289853742015635 0.072060784484877377 -0.070934130110496374 0.076813770698953857 -0.019763175797914475 0.075154763081302145 -0.0076343546785823616 0.05348792678058073 0.011220905563864696 -0.024675318059664254 0.049526390211195065 0.015004715352384177 0.052751620861606244 0.031949479957347642 0.059058030578196467 0.078441836529561049 -0.035372142576007501 0.08363078538071389 0.05559092212738892 0.039377064699023072 0.053978019892125764 0.11694168814310185 0.10183526299164412 -0.019325124260035572 0.056843607672049337 0.027773399205873274 -0.069676470817299288 -0.0087878096485356962
leaf_weight=9.2567123770713859 8.8646427243947965 21.10527586936951 9.0839850306510908 5.8225764185190192 9.5457829087972623 6.4013910144567481 26.840738490223885 5.2535217851400393 68.10969078540802 14.408902540802954 7.0550493896007564 11.69510732591152 75.726244330406189 42.27485728263855 23.181512355804443 16.610898613929756 9.4027882516384178 6.1378846913576117 36.670607551932335 38.649209871888161 6.8370271623134595 5.2021526098251334 14.45726962387562 8.7808841913938505 6.2597900331020346 10.962762564420698 10.825648501515387 5.7019080817699432 5.3071348369121552
leaf_count=39 22 85 27 27 28 26 79 21 216 53 29 38 277 136 80 51 27 26 104 122 23 17 35 23 25 34 37 27 21
internal_value=0.0414922 0.0365877 0.012535 -0.004908 0.0103677 0.0378534 0.0390197 0.0309961 0.0465342 0.0290074 0.0577217 0.0213588 0.0366198 0.0286034 0.0553358 0.0644408 0.0591684 0.031293 0.0641546 0.0436793 -0.00967622 -0.000447624 0.0718818 0.0556948 0.0373959 0.0915437 0.0518416 -0.0407155 0.0180203
internal_weight=526.432 434.129 40.1104 31.0265 25.2039 15.9472 394.019 191.123 202.896 79.3655 123.53 18.7502 168.023 118.001 50.0223 92.3026 83.4379 26.3663 104.78 53.0581 23.0996 26.3074 57.0716 31.6516 22.8707 25.42 20.2284 10.9554 12.1442
internal_count=1755 1475 147 120 93 54 1328 664 664 277 387 67 572 413 159 280 258 90 320 175 92 102 168 99 76 69 64 48 44
is_linear=0
shrinkage=0.05


end of trees

feature_importances:
rsi=8
atr_ratio=7
liquidity_quality=6
liquidity_spread_score=5
return_strength=5
strength_composite=5
departure_strength=4
liquidity_distance=4
fresh=3
liquidity_spread=3
liquidity_distance_score=3
score_x_fresh=3
score=2
session=1

parameters:
[boosting: gbdt]
[objective: binary]
[metric: auc,binary_logloss]
[tree_learner: serial]
[device_type: cpu]
[data_sample_strategy: bagging]
[data: ]
[valid: ]
[num_iterations: 200]
[learning_rate: 0.05]
[num_leaves: 31]
[num_threads: 10]
[seed: 42]
[deterministic: 0]
[force_col_wise: 0]
[force_row_wise: 0]
[histogram_pool_size: -1]
[max_depth: 6]
[min_data_in_leaf: 20]
[min_sum_hessian_in_leaf: 0.001]
[bagging_fraction: 0.8]
[pos_bagging_fraction: 1]
[neg_bagging_fraction: 1]
[bagging_freq: 0]
[bagging_seed: 400]
[bagging_by_query: 0]
[feature_fraction: 0.8]
[feature_fraction_bynode: 1]
[feature_fraction_seed: 30056]
[extra_trees: 0]
[extra_seed: 12879]
[early_stopping_round: 0]
[early_stopping_min_delta: 0]
[first_metric_only: 0]
[max_delta_step: 0]
[lambda_l1: 0.1]
[lambda_l2: 0.1]
[linear_lambda: 0]
[min_gain_to_split: 0]
[drop_rate: 0.1]
[max_drop: 50]
[skip_drop: 0.5]
[xgboost_dart_mode: 0]
[uniform_drop: 0]
[drop_seed: 17869]
[top_rate: 0.2]
[other_rate: 0.1]
[min_data_per_group: 100]
[max_cat_threshold: 32]
[cat_l2: 10]
[cat_smooth: 10]
[max_cat_to_onehot: 4]
[top_k: 20]
[monotone_constraints: ]
[monotone_constraints_method: basic]
[monotone_penalty: 0]
[feature_contri: ]
[forcedsplits_filename: ]
[refit_decay_rate: 0.9]
[cegb_tradeoff: 1]
[cegb_penalty_split: 0]
[cegb_penalty_feature_lazy: ]
[cegb_penalty_feature_coupled: ]
[path_smooth: 0]
[interaction_constraints: ]
[verbosity: -1]
[saved_feature_importance_type: 0]
[use_quantized_grad: 0]
[num_grad_quant_bins: 4]
[quant_train_renew_leaf: 0]
[stochastic_rounding: 1]
[linear_tree: 0]
[max_bin: 255]
[max_bin_by_feature: ]
[min_data_in_bin: 3]
[bin_construct_sample_cnt: 200000]
[data_random_seed: 175]
[is_enable_sparse: 1]
[enable_bundle: 1]
[use_missing: 1]
[zero_as_missing: 0]
[feature_pre_filter: 1]
[pre_partition: 0]
[two_round: 0]
[header: 0]
[label_column: ]
[weight_column: ]
[group_column: ]
[ignore_column: ]
[categorical_feature: ]
[forcedbins_filename: ]
[precise_float_parser: 0]
[parser_config_file: ]
[objective_seed: 16083]
[num_class: 1]
[is_unbalance: 1]
[scale_pos_weight: 1]
[sigmoid: 1]
[boost_from_average: 1]
[reg_sqrt: 0]
[alpha: 0.9]
[fair_c: 1]
[poisson_max_delta_step: 0.7]
[tweedie_variance_power: 1.5]
[lambdarank_truncation_level: 30]
[lambdarank_norm: 1]
[label_gain: ]
[lambdarank_position_bias_regularization: 0]
[eval_at: ]
[multi_error_top_k: 1]
[auc_mu_weights: ]
[num_machines: 1]
[local_listen_port: 12400]
[time_out: 120]
[machine_list_filename: ]
[machines: ]
[gpu_platform_id: -1]
[gpu_device_id: -1]
[gpu_use_dp: 0]
[num_gpu: 1]

end of parameters

pandas_categorical:[]
